0 -0.04752696864306927 -0.0265916611533612 0.0007147976285985351
1 -0.027867202181369066 -0.00041631702333688736 0.0007147976285985351
2 -0.019963559694588184 0.014766726875677705 0.0007147976285985351
3 -0.008722213678993285 0.03334390465170145 0.0007147976285985351
4 -0.0026734736748039722 0.037632801569998264 0.0007147976285985351
5 -0.0021888355258852243 0.04206568095833063 0.0007147976285985351
6 -0.0019001755863428116 0.03969527967274189 0.0007147976285985351
7 0.0014946549199521542 0.040272849611938 0.0007147976285985351
8 5.858996883034706e-05 0.04147669952362776 0.0007147976285985351
9 -0.0006379913538694382 0.046686895191669464 0.0007147976285985351
10 0.006746766390278935 0.05245544947683811 0.0005558532361587475
11 0.005030175670981407 0.03490665811114013 0.0005558532361587475
12 0.30286458134651184 0.006943711079657078 0.0005558532361587475
13 0.320885494351387 0.025332005694508553 0.0005558532361587475
14 0.3305526226758957 0.022229726426303387 0.0005558532361587475
15 0.33167310059070587 0.010008041746914387 0.0005558532361587475
16 0.3308809846639633 0.008910664590075612 0.0005558532361587475
17 0.33232860267162323 0.00935089448466897 0.0005558532361587475
18 0.33108972012996674 0.004783562617376447 0.0005558532361587475
19 0.3322247415781021 0.003249985631555319 0.0005558532361587475
20 0.3300437927246094 0.004642610903829336 0.0006165999383002481
21 0.332988440990448 -0.0005426462739706039 0.00018788396603977963
22 0.33412739634513855 0.0031916103325784206 0.00018788396603977963
23 0.33196134865283966 0.014285834971815348 0.00018788396603977963
24 0.33624348044395447 0.01876784162595868 0.00018788396603977963
25 0.3332996219396591 0.011512035503983498 0.00018788396603977963
26 0.6932662129402161 -0.004679989535361528 0.00018788396603977963
27 0.7221793532371521 0.0069964854046702385 0.00018788396603977963
28 0.7479473948478699 0.005679595749825239 0.00018788396603977963
29 0.7470246851444244 -0.004449673928320408 0.00018788396603977963
30 0.7424914836883545 -0.014750665985047817 8.388723465126204e-05
31 0.7407565414905548 -0.015505275689065456 0.00048527182219528214
32 0.7416954040527344 -0.01902719819918275 0.9089103872990296
33 0.7437833249568939 -0.016241476871073246 0.9089103872990296
34 0.7426113784313202 -0.016511622816324234 0.9089103872990296
35 0.7423295676708221 -0.017704959958791733 0.9089103872990296
36 0.7423326969146729 -0.008931343909353018 0.9089103872990296
37 0.741100549697876 0.002785577904433012 0.9089103872990296
38 0.7405649721622467 0.00459620077162981 0.9089103872990296
39 0.7430940866470337 -0.01840393664315343 0.9089103872990296
40 0.9555606842041016 -0.005214584991335869 0.0003909619070533753
41 0.9460538923740387 0.018054211512207985 0.9009802404333402
42 0.9416043758392334 0.014485467225313187 0.9009802404333402
43 0.9384540319442749 0.015663032419979572 0.9009802404333402
44 0.939934253692627 0.013994910754263401 0.9009802404333402
45 0.9395859241485596 0.012588882818818092 0.9009802404333402
46 0.9333710372447968 0.012338572181761265 0.9009802404333402
47 0.9360014200210571 0.014192272908985615 0.9009802404333402
48 0.9370828866958618 0.011856824159622192 0.9009802404333402
49 0.9365090429782867 0.01745592150837183 0.4196835315214861
50 0.9398196041584015 0.025901079643517733 0.4196835315214861
51 0.9350488781929016 0.023708161897957325 0.4196835315214861
52 0.935653567314148 0.023373205214738846 0.4196835315214861
53 0.9347637295722961 0.026996943168342113 0.4196835315214861
54 0.9319877028465271 0.026036233641207218 0.4196835315214861
55 0.937827855348587 0.02558580506592989 0.4196835315214861
56 0.9379813969135284 0.038285689894109964 0.4196835315214861
57 0.939496785402298 0.04192609805613756 0.4196835315214861
58 0.9406635463237762 0.03662351332604885 0.39665931361731915
59 0.934952974319458 0.03359441738575697 0.39665931361731915
60 0.9343978464603424 0.03477224987000227 0.39665931361731915
61 0.9329395294189453 0.028786836192011833 0.39665931361731915
62 0.9316364526748657 0.02706306241452694 0.39665931361731915
63 0.9306497573852539 0.03295004740357399 0.39665931361731915
64 0.9283323287963867 0.05486738122999668 0.39665931361731915
65 0.9314016997814178 0.09637195058166981 0.39665931361731915
66 0.9307734370231628 0.34449291229248047 0.39665931361731915
67 0.9403353035449982 0.49877801537513733 0.3845758791064144
68 0.9390303790569305 0.6082111895084381 0.3845758791064144
69 0.9353973567485809 0.6942607164382935 0.3845758791064144
70 0.9430203139781952 0.6915156841278076 0.3845758791064144
71 0.9571422934532166 0.6940511763095856 0.3845758791064144
72 0.956175833940506 0.695631206035614 0.3845758791064144
73 0.9610216021537781 0.6911673843860626 0.3845758791064144
74 0.9562413394451141 0.6998520195484161 0.3845758791064144
75 0.9380986392498016 0.7062825262546539 0.3845758791064144
76 0.9338293969631195 0.7080323398113251 0.3831874241464883
77 0.92413130402565 0.759762704372406 0.3831874241464883
78 0.9273200333118439 0.8013682067394257 0.3831874241464883
79 0.9556972980499268 0.8542509377002716 0.3831874241464883
80 0.9540002346038818 0.8532238900661469 0.3831874241464883
81 0.9559372961521149 0.8506453931331635 0.3831874241464883
82 0.9532407820224762 0.8521186411380768 0.3831874241464883
83 0.9377636313438416 0.839038610458374 0.3831874241464883
84 0.9396228194236755 0.8367322683334351 0.3831874241464883
85 0.9588857889175415 0.8562015891075134 0.38416872492504994
86 0.9567610025405884 0.8539166450500488 0.38416872492504994
87 0.9656316339969635 0.8663235306739807 0.38416872492504994
88 0.9677721858024597 0.8703834414482117 0.38416872492504994
89 0.9520087540149689 0.8577004969120026 0.38416872492504994
90 0.9500931203365326 0.8661262094974518 0.38416872492504994
91 0.9588562548160553 0.8780800700187683 0.38416872492504994
92 0.9563888013362885 0.8717855513095856 0.38416872492504994
93 0.9222898781299591 0.8551970720291138 0.38416872492504994
94 0.9296099245548248 0.8773986101150513 0.3823763142714096
95 0.9498968720436096 0.8680267035961151 0.3823763142714096
96 0.9412117004394531 0.860047847032547 0.3823763142714096
97 0.8891794681549072 0.8637438714504242 0.3823763142714096
98 0.2754974961280823 0.33029787242412567 0.3823763142714096
99 0.2754974961280823 0.33029787242412567 0.3823763142714096
100 0.1042030081152916 0.14931660518050194 0.3823763142714096
101 0.10064329206943512 0.13094383850693703 0.3823763142714096
102 0.11734506860375404 0.16348417103290558 0.3823763142714096
103 0.12174602970480919 0.174302376806736 0.38391001439281974
104 0.12358591705560684 0.15487686544656754 0.38391001439281974
105 0.12275075912475586 0.15857410430908203 0.38391001439281974
106 0.12181543931365013 0.15030445903539658 0.38391001439281974
107 0.12112073227763176 0.15468160808086395 0.38391001439281974
108 0.08320009708404541 0.17181064933538437 0.38391001439281974
109 0.04110562428832054 0.18344241380691528 0.38391001439281974
110 0.014818307477980852 0.18079860508441925 0.38391001439281974
111 0.018119403161108494 0.17329365760087967 0.38391001439281974
112 0.018051175866276026 0.15993598848581314 0.38250477336358174
113 0.019519133027642965 0.16160760819911957 0.38250477336358174
114 0.016213481780141592 0.16725634783506393 0.38250477336358174
115 0.010203386656939983 0.17058154195547104 0.38250477336358174
116 0.011493531055748463 0.1629282683134079 0.38250477336358174
117 0.011873523239046335 0.15867828577756882 0.38250477336358174
118 0.009166521951556206 0.16671191155910492 0.38250477336358174
119 0.007801475934684277 0.16652963310480118 0.38250477336358174
120 0.007583236321806908 0.16140706092119217 0.38250477336358174
121 0.005087743513286114 0.16170498728752136 0.38520723148025593
122 -0.0026084603741765022 0.16243281215429306 0.38520723148025593
123 -0.001670602709054947 0.15980756282806396 0.38520723148025593
124 0.0005229664966464043 0.15447411686182022 0.38520723148025593
125 0.0007286788895726204 0.1508726254105568 0.38520723148025593
126 0.002272031269967556 0.14844557642936707 0.38520723148025593
127 -0.00033954717218875885 0.14728937298059464 0.38520723148025593
128 0.00038320664316415787 0.1440393179655075 0.38520723148025593
129 -0.000359194353222847 0.14362919330596924 0.38520723148025593
130 -0.0008952347561717033 0.1467052400112152 0.38156070670310854
131 0.0023436788469552994 0.145175039768219 0.38156070670310854
132 0.003282468765974045 0.1476595774292946 0.38156070670310854
133 0.005381346680223942 0.15402482450008392 0.38156070670310854
134 0.005557249300181866 0.15478286892175674 0.38156070670310854
135 0.0025619985535740852 0.14401759207248688 0.38156070670310854
136 0.0018142391927540302 0.1423882618546486 0.38156070670310854
137 0.03732435870915651 0.14187810570001602 0.38156070670310854
138 0.0951157845556736 0.125652976334095 0.38156070670310854
139 0.17712417244911194 0.11174413934350014 0.3801549248018917
140 0.18157780170440674 0.11995292454957962 0.3801549248018917
141 0.17985619604587555 0.11369004100561142 0.3801549248018917
142 0.17997068166732788 0.11158538982272148 0.3801549248018917
143 0.1822083219885826 0.1095232255756855 0.3801549248018917
144 0.17714761197566986 0.10533443838357925 0.3801549248018917
145 0.1686563417315483 0.10867071524262428 0.3801549248018917
146 0.16936352849006653 0.10985324904322624 0.3801549248018917
147 0.17176241427659988 0.11166436225175858 0.3801549248018917
148 0.1872410550713539 0.11865638568997383 0.3828306438278631
149 0.20583779364824295 0.1300574727356434 0.3828306438278631
150 0.38410650193691254 0.1730789691209793 0.3828306438278631
151 0.3829449713230133 0.16576600819826126 0.3828306438278631
152 0.3813885897397995 0.1601555496454239 0.3828306438278631
153 0.37662869691848755 0.16196517646312714 0.3828306438278631
154 0.37768638134002686 0.15647316724061966 0.3828306438278631
155 0.37778937816619873 0.1466379538178444 0.3828306438278631
156 0.37746185064315796 0.14429548382759094 0.3828306438278631
157 0.3745437562465668 0.14157310500741005 0.3775499871611313
158 0.3726603090763092 0.1397354081273079 0.3775499871611313
159 0.37236781418323517 0.13831134513020515 0.3775499871611313
160 0.3889012634754181 0.13848067075014114 0.3775499871611313
161 0.5325239300727844 0.1739736720919609 0.3775499871611313
162 0.5615006685256958 0.15642210841178894 0.3775499871611313
163 0.5622998178005219 0.15347067639231682 0.3775499871611313
164 0.5621872246265411 0.14918765425682068 0.3775499871611313
165 0.5586686432361603 0.1441906876862049 0.3775499871611313
166 0.5533722341060638 0.15582643076777458 0.38117636685571527
167 0.5526575148105621 0.15388909727334976 0.38117636685571527
168 0.5546548366546631 0.13946402072906494 0.38117636685571527
169 0.5558271706104279 0.14185582846403122 0.38117636685571527
170 0.5535680949687958 0.14940377324819565 0.38117636685571527
171 0.5905947089195251 0.14508295431733131 0.38117636685571527
172 0.6368661820888519 0.14709807187318802 0.38117636685571527
173 0.8242562413215637 0.10668929666280746 0.38117636685571527
174 0.8153804242610931 0.11794645339250565 0.38117636685571527
175 0.8147205114364624 0.1134093590080738 0.06626929437539458
176 0.8129910826683044 0.11259888857603073 0.06626929437539458
177 0.8128020763397217 0.10609172284603119 0.06626929437539458
178 0.8144561350345612 0.10021993145346642 0.06626929437539458
179 0.8159166574478149 0.11217660084366798 0.06626929437539458
180 0.8076848685741425 0.11817820742726326 0.06626929437539458
181 0.8020126521587372 0.10611848160624504 0.06626929437539458
182 0.7998776435852051 0.11020266264677048 0.06626929437539458
183 0.7988247871398926 0.1165711097419262 0.06626929437539458
184 0.8067897856235504 0.11228237673640251 0.052219146909477106
185 0.8115818798542023 0.11381946504116058 0.052219146909477106
186 0.8219655454158783 0.12538093701004982 0.052219146909477106
187 0.8424213826656342 0.1209641806781292 0.052219146909477106
188 0.8614098429679871 0.11325189843773842 0.052219146909477106
189 0.8568243980407715 0.11613564565777779 0.052219146909477106
190 0.8553315997123718 0.11954184249043465 0.052219146909477106
191 0.8607410192489624 0.1214667335152626 0.052219146909477106
192 0.8538227677345276 0.12563444674015045 0.052219146909477106
193 0.850044846534729 0.12000975012779236 0.04110636612011583
194 0.8574521839618683 0.10752232745289803 0.04110636612011583
195 0.859925240278244 0.11164908111095428 0.04110636612011583
196 0.8517259359359741 0.11148157715797424 0.04110636612011583
197 0.8471349477767944 0.10840681567788124 0.04110636612011583
198 0.8520001769065857 0.1139383390545845 0.04110636612011583
199 0.8581566512584686 0.12230324372649193 0.04110636612011583
200 0.8573188185691833 0.11865454539656639 0.04110636612011583
201 0.8542154133319855 0.11207670345902443 0.04110636612011583
202 0.8548856675624847 0.11536858230829239 0.04148137085332806
203 0.8502684235572815 0.11702461913228035 0.04148137085332806
204 0.8474909663200378 0.1176479235291481 0.04148137085332806
205 0.8492830693721771 0.11474241688847542 0.04148137085332806
206 0.8523376882076263 0.11211058497428894 0.04148137085332806
207 0.8528469502925873 0.1263263151049614 0.04148137085332806
208 0.8605601191520691 0.12293354794383049 0.04148137085332806
209 0.8607010245323181 0.48135192692279816 0.04148137085332806
210 0.8693362772464752 0.5022373646497726 0.04148137085332806
211 0.881364107131958 0.5806684792041779 0.04334847286760192
212 0.8628377914428711 0.5857506394386292 0.04334847286760192
213 0.8605969846248627 0.5926253795623779 0.04334847286760192
214 0.8633935153484344 0.5899507403373718 0.04334847286760192
215 0.865102231502533 0.5941771268844604 0.04334847286760192
216 0.8815511465072632 0.6144526898860931 0.04334847286760192
217 0.8817681074142456 0.6148360669612885 0.04334847286760192
218 0.8885588347911835 0.6209657192230225 0.04334847286760192
219 0.8886311054229736 0.6191740334033966 0.04334847286760192
220 0.8806363344192505 0.6657987534999847 0.04407392309667676
221 0.8833622336387634 0.7448481917381287 0.04407392309667676
222 0.8901357054710388 0.8337936997413635 0.04407392309667676
223 0.8858212232589722 0.8298446536064148 0.04407392309667676
224 0.8912225067615509 0.8291643857955933 0.04407392309667676
225 0.8950420022010803 0.8271064758300781 0.04407392309667676
226 0.889549970626831 0.8238189518451691 0.04407392309667676
227 0.8990548551082611 0.8363100588321686 0.04407392309667676
228 0.9027740657329559 0.844211220741272 0.04407392309667676
229 0.8969027698040009 0.8314449489116669 0.0436805988846556
230 0.9039022326469421 0.8265231251716614 0.0436805988846556
231 0.8945074379444122 0.8271442651748657 0.0436805988846556
232 0.8916550576686859 0.8213270902633667 0.0436805988846556
233 0.8943192958831787 0.811908483505249 0.0436805988846556
234 0.8807703852653503 0.820594847202301 0.0436805988846556
235 0.8792919814586639 0.8334725499153137 0.0436805988846556
236 0.9044460654258728 0.8449777364730835 0.0436805988846556
237 0.9049046337604523 0.844748318195343 0.0436805988846556
238 0.8850570619106293 0.8359018862247467 0.04281221136759139
239 0.8789419233798981 0.8383378386497498 0.04281221136759139
240 0.8858916461467743 0.8404817283153534 0.04281221136759139
241 0.8861485123634338 0.8419881761074066 0.04281221136759139
242 0.8938475251197815 0.8554438352584839 0.04281221136759139
243 0.8928185403347015 0.8527398705482483 0.04281221136759139
244 0.8864215910434723 0.8466773629188538 0.04281221136759139
245 0.8880924582481384 0.8438044786453247 0.04281221136759139
246 0.8894016444683075 0.8535341918468475 0.04281221136759139
247 0.8886423408985138 0.8551405072212219 0.043298562361422196
248 0.8685789704322815 0.8518370687961578 0.043298562361422196
249 0.8235085904598236 0.8168405890464783 0.043298562361422196
250 0.5041050612926483 0.5574125647544861 0.043298562361422196
251 0.05288701504468918 0.2680906653404236 0.043298562361422196
252 0.04010238591581583 0.25837261974811554 0.043298562361422196
253 0.04784188885241747 0.2551358938217163 0.043298562361422196
254 0.05050265695899725 0.255460686981678 0.043298562361422196
255 0.06345375999808311 0.27182909846305847 0.043298562361422196
256 0.07811497151851654 0.2901218384504318 0.04341592187288678
257 0.08147312700748444 0.2992802709341049 0.04341592187288678
258 0.06436342187225819 0.29259712994098663 0.04341592187288678
259 0.05912925489246845 0.2773778438568115 0.04341592187288678
260 0.06646005623042583 0.27120720595121384 0.04341592187288678
261 0.021317991195246577 0.28173670172691345 0.04341592187288678
262 -0.00657068332657218 0.29160962998867035 0.04341592187288678
263 0.004436446353793144 0.2954207956790924 0.04341592187288678
264 0.012592993094585836 0.3066832274198532 0.04341592187288678
265 0.009056339506059885 0.3033349812030792 0.043414617833660234
266 0.00717794056981802 0.3011219799518585 0.043414617833660234
267 0.00757009070366621 0.3031723201274872 0.043414617833660234
268 0.010721729951910675 0.2991527169942856 0.043414617833660234
269 0.011366149061359465 0.29328182339668274 0.043414617833660234
270 0.009721587877720594 0.2968808561563492 0.043414617833660234
271 0.009706215001642704 0.29339390993118286 0.043414617833660234
272 0.007549189263954759 0.28042586147785187 0.043414617833660234
273 0.005498641170561314 0.27654072642326355 0.043414617833660234
274 0.0067908973433077335 0.2787114977836609 0.043929600715035586
275 0.008414557203650475 0.2836607098579407 0.043929600715035586
276 0.010545547236688435 0.2931336909532547 0.043929600715035586
277 0.008927039103582501 0.2886655777692795 0.043929600715035586
278 0.007818964309990406 0.28829406201839447 0.043929600715035586
279 0.007680140435695648 0.2873324900865555 0.043929600715035586
280 0.0024945074692368507 0.28463613986968994 0.043929600715035586
281 -0.0016977572813630104 0.2880468964576721 0.043929600715035586
282 0.04197854083031416 0.2804655134677887 0.043929600715035586
283 0.11505572125315666 0.2756638675928116 0.04415439512159489
284 0.21505065262317657 0.2610197216272354 0.04415439512159489
285 0.22236373275518417 0.25831837207078934 0.04415439512159489
286 0.22065792232751846 0.25910089164972305 0.04415439512159489
287 0.21816318482160568 0.2564248740673065 0.04415439512159489
288 0.22032249718904495 0.2537568137049675 0.04415439512159489
289 0.22083307057619095 0.2605612128973007 0.04415439512159489
290 0.2226017564535141 0.26722028851509094 0.04415439512159489
291 0.21746490895748138 0.2583809792995453 0.04415439512159489
292 0.21822524070739746 0.25374140590429306 0.04309790855761291
293 0.2263375222682953 0.25359150767326355 0.04309790855761291
294 0.2620500177145004 0.2642974704504013 0.04309790855761291
295 0.6648243367671967 0.27284081280231476 0.04309790855761291
296 0.6537868678569794 0.278129905462265 0.04309790855761291
297 0.6472060084342957 0.2819804847240448 0.04309790855761291
298 0.6458287537097931 0.2735997438430786 0.04309790855761291
299 0.6470536589622498 0.2740636020898819 0.04309790855761291
300 0.6498233675956726 0.2791236788034439 0.04309790855761291
301 0.6467606425285339 0.26717302203178406 2.3680289398468602e-05
302 0.640954852104187 0.2674722969532013 2.3680289398468602e-05
303 0.6419007480144501 0.27398188412189484 2.3680289398468602e-05
304 0.6420889794826508 0.27707480639219284 2.3680289398468602e-05
305 0.6398908793926239 0.2746075838804245 2.3680289398468602e-05
306 0.6473032832145691 0.26708993315696716 2.3680289398468602e-05
307 0.7059094905853271 0.26224857568740845 2.3680289398468602e-05
308 0.7892269194126129 0.2619793340563774 2.3680289398468602e-05
309 0.8024214208126068 0.265001118183136 2.3680289398468602e-05
310 0.805073618888855 0.2663886323571205 2.1534723518145838e-05
311 0.8003260791301727 0.26754768937826157 2.1534723518145838e-05
312 0.7978073060512543 0.26244981586933136 2.1534723518145838e-05
313 0.7992374002933502 0.26194920390844345 2.1534723518145838e-05
314 0.7985470592975616 0.26473501324653625 2.1534723518145838e-05
315 0.7977414429187775 0.2698511928319931 2.1534723518145838e-05
316 0.7956949174404144 0.26760266721248627 2.1534723518145838e-05
317 0.7950759828090668 0.2592485100030899 2.1534723518145838e-05
318 0.7941016852855682 0.254944808781147 2.1534723518145838e-05
319 0.797306090593338 0.2527054622769356 8.262934724744125e-05
320 0.7937880754470825 0.24553797394037247 8.262934724744125e-05
321 0.7912404239177704 0.24283092468976974 8.262934724744125e-05
322 0.7986729443073273 0.24310435354709625 8.262934724744125e-05
323 0.800034910440445 0.24616842716932297 8.262934724744125e-05
324 0.7931714951992035 0.2501475661993027 8.262934724744125e-05
325 0.7884785234928131 0.24770072847604752 8.262934724744125e-05
326 0.7848622500896454 0.27900831401348114 8.262934724744125e-05
327 0.7721157670021057 0.3519241511821747 8.262934724744125e-05
328 0.7652947008609772 0.5056117475032806 0.00014982769817430507
329 0.7690698206424713 0.5975876152515411 0.00014982769817430507
330 0.7773799300193787 0.6591367125511169 0.00014982769817430507
331 0.7804571688175201 0.6551730036735535 0.00014982769817430507
332 0.7817513644695282 0.6618296205997467 0.00014982769817430507
333 0.7822730243206024 0.6616817712783813 0.00014982769817430507
334 0.7856067717075348 0.6590986251831055 0.00014982769817430507
335 0.7900211215019226 0.6629209816455841 0.00014982769817430507
336 0.7976167798042297 0.6705343723297119 0.00014982769817430507
337 0.7978935837745667 0.6773760616779327 0.0001157817050154975
338 0.8124277889728546 0.6948631703853607 0.0001157817050154975
339 0.8152700066566467 0.6971532106399536 0.0001157817050154975
340 0.7768281996250153 0.7316784858703613 0.0001157817050154975
341 0.7670454680919647 0.7968327701091766 0.0001157817050154975
342 0.7719264626502991 0.8547675013542175 0.0001157817050154975
343 0.7716417908668518 0.8381502032279968 0.0001157817050154975
344 0.7801311314105988 0.8374055027961731 0.0001157817050154975
345 0.7811860740184784 0.8360919654369354 0.0001157817050154975
346 0.773586630821228 0.8369780778884888 0.00012339922316408552
347 0.7713922262191772 0.8433302342891693 0.00012339922316408552
348 0.7716842591762543 0.8451988399028778 0.00012339922316408552
349 0.7748000025749207 0.8428405225276947 0.00012339922316408552
350 0.7776612341403961 0.8353050649166107 0.00012339922316408552
351 0.778609424829483 0.8309116959571838 0.00012339922316408552
352 0.7770507633686066 0.8271902501583099 0.00012339922316408552
353 0.7773300111293793 0.8320224285125732 0.00012339922316408552
354 0.7814870774745941 0.8213494122028351 0.00012339922316408552
355 0.7834376990795135 0.817471444606781 0.0003001004370048039
356 0.783000260591507 0.8178781867027283 0.0003001004370048039
357 0.7816801369190216 0.8188429176807404 0.0003001004370048039
358 0.781906932592392 0.8244951963424683 0.0003001004370048039
359 0.7805521190166473 0.8180839717388153 0.0003001004370048039
360 0.8399463295936584 0.9493804574012756 0.0003001004370048039
361 0.8168416321277618 0.877089649438858 0.0003001004370048039
362 0.7982310354709625 0.8291764855384827 0.0003001004370048039
363 0.7760913670063019 0.831531822681427 0.0003001004370048039
364 0.7555024027824402 0.7965967953205109 0.00021588496670625198
365 0.8137874901294708 0.8690143823623657 0.00021588496670625198
366 0.8146212697029114 0.8519381582736969 0.00021588496670625198
